0000          1.24518180
0001          6.46047974
0002         18.69746971
0003         36.89373398
0004         59.73954010
0005         85.57032776
0006        113.96295929
0007        143.75733948
0008        175.07189941
0009        206.95114136
0010        239.79742432
0011        272.72482300
0012        306.28125000
0013        339.62219238
0014        373.37948608
0015        406.73733521
0016        440.37673950
0017        473.49929810
0018        506.81875610
0019        539.54614258
0020        572.41937256
0021        604.65374756
0022        636.99963379
0023        668.67852783
0024        700.45141602
0025        731.53625488
0026        762.70434570
0027        793.17498779
0028        823.72399902
0029        853.57592773
0030        883.50054932
0031        912.72460938
0032        942.02331543
0033        970.62268066
0034        999.30126953
0035       1027.28161621
0036       1055.34375000
0037       1082.71508789
0038       1110.17077637
0039       1136.93737793
0040       1163.79223633
0041       1189.96459961
0042       1216.23474121
0043       1241.82592773
0044       1267.51977539
0045       1292.54052734
0046       1317.66821289
0047       1342.12976074
0048       1366.70568848
0049       1390.62011719
0050       1414.65466309
0051       1438.03491211
0052       1461.53967285
0053       1484.39257812
0054       1507.37536621
0055       1529.71386719
0056       1552.19067383
0057       1574.02941895
0058       1596.01037598
0059       1617.35852051
0060       1638.85363770
0061       1659.71728516
0062       1680.73425293
0063       1701.12841797
0064       1721.67956543
0065       1741.61828613
0066       1761.71813965
0067       1781.20764160
0068       1800.86425781
0069       1819.91418457
0070       1839.13525391
0071       1857.75439453
0072       1876.54980469
0073       1894.74926758
0074       1913.12902832
0075       1930.91845703
0076       1948.89160156
0077       1966.27954102
0078       1983.85742188
0079       2000.85119629
0080       2018.04223633
0081       2034.65563965
0082       2051.46777344
0083       2067.70849609
0084       2084.15234375
0085       2100.02905273
0086       2116.11596680
0087       2131.63061523
0088       2147.36010742
0089       2162.52587891
0090       2177.91210938
0091       2192.74072266
0092       2207.78710938
0093       2222.28002930
0094       2236.99511719
0095       2251.16284180
0096       2265.55346680
0097       2279.39990234
0098       2293.47802734
0099       2307.01586914
0100       2320.78710938
0101       2334.02026367
0102       2347.48583984
0103       2360.42260742
0104       2373.60058594
0105       2386.24780273
0106       2399.14062500
0107       2411.50659180
0108       2424.11645508
0109       2436.20458984
0110       2448.54125977
0111       2460.35620117
0112       2472.42578125
0113       2483.97656250
0114       2495.78442383
0115       2507.07617188
0116       2518.62890625
0117       2529.67236328
0118       2540.97631836
0119       2551.77148438
0120       2562.83105469
0121       2573.38745117
0122       2584.20654297
0123       2594.52539062
0124       2605.11474609
0125       2615.20410156
0126       2625.56567383
0127       2635.43212891
0128       2645.57153320
0129       2655.21801758
0130       2665.13842773
0131       2674.56860352
0132       2684.27856445
0133       2693.50097656
0134       2703.00122070
0135       2712.01806641
0136       2721.31738281
0137       2730.13232422
0138       2739.23364258
0139       2747.85302734
0140       2756.76196289
0141       2765.19140625
0142       2773.91210938
0143       2782.15551758
0144       2790.69042969
0145       2798.75122070
0146       2807.10522461
0147       2814.99194336
0148       2823.17333984
0149       2830.88134766
0150       2838.88696289
0151       2846.42602539
0152       2854.26513672
0153       2861.63842773
0154       2869.31005859
0155       2876.52026367
0156       2884.03564453
0157       2891.09033203
0158       2898.44995117
0159       2905.34741211
0160       2912.55224609
0161       2919.29809570
0162       2926.35156250
0163       2932.94873047
0164       2939.85839844
0165       2946.31396484
0166       2953.08081055
0167       2959.39355469
0168       2966.02026367
0169       2972.19580078
0170       2978.68481445
0171       2984.72314453
0172       2991.07812500
0173       2996.98852539
0174       3003.21459961
0175       3008.99707031
0176       3015.09643555
0177       3020.74877930
0178       3026.72436523
0179       3032.25634766
0180       3038.11108398
0181       3043.52514648
0182       3049.26342773
0183       3054.56030273
0184       3060.17944336
0185       3065.36206055
0186       3070.86938477
0187       3075.93896484
0188       3081.33642578
0189       3086.29321289
0190       3091.58447266
0191       3096.43823242
0192       3101.62280273
0193       3106.37353516
0194       3111.45678711
0195       3116.10571289
0196       3121.08496094
0197       3125.63378906
0198       3130.51586914
0199       3134.96997070
0200       3139.75708008
0201       3144.11376953
0202       3148.80615234
0203       3153.06933594
0204       3157.67138672
0205       3161.84497070
0206       3166.35424805
0207       3170.43969727
0208       3174.86523438
0209       3178.86108398
0210       3183.19726562
0211       3187.10986328
0212       3191.36230469
0213       3195.19409180
0214       3199.36645508
0215       3203.11596680
0216       3207.20996094
0217       3210.88012695
0218       3214.89355469
0219       3218.48852539
0220       3222.42919922
0221       3225.95043945
0222       3229.81494141
0223       3233.25854492
0224       3237.05078125
0225       3240.42529297
0226       3244.14892578
0227       3247.45434570
0228       3251.10644531
0229       3254.34326172
0230       3257.92749023
0231       3261.09643555
0232       3264.61547852
0233       3267.71826172
0234       3271.17163086
0235       3274.21069336
0236       3277.60107422
0237       3280.57666016
0238       3283.90454102
0239       3286.82299805
0240       3290.09277344
0241       3292.94799805
0242       3296.15893555
0243       3298.95898438
0244       3302.11035156
0245       3304.85253906
0246       3307.94946289
0247       3310.63549805
0248       3313.67968750
0249       3316.31152344
0250       3319.29882812
0251       3321.87646484
0252       3324.81225586
0253       3327.33740234
0254       3330.22290039
0255       3332.69970703
0256       3335.53466797
0257       3337.96240234
0258       3340.74780273
0259       3343.12670898
0260       3345.86328125
0261       3348.19213867
0262       3350.88378906
0263       3353.16845703
0264       3355.81201172
0265       3358.05151367
0266       3360.65429688
0267       3362.85034180
0268       3365.40747070
0269       3367.56225586
0270       3370.07690430
0271       3372.18823242
0272       3374.66308594
0273       3376.73339844
0274       3379.16552734
0275       3381.19653320
0276       3383.58813477
0277       3385.57617188
0278       3387.93237305
0279       3389.88647461
0280       3392.19970703
0281       3394.11450195
0282       3396.39257812
0283       3398.27124023
0284       3400.51416016
0285       3402.35766602
0286       3404.56689453
0287       3406.37451172
0288       3408.54687500
0289       3410.32348633
0290       3412.46362305
0291       3414.20483398
0292       3416.31201172
0293       3418.01684570
0294       3420.09155273
0295       3421.76855469
0296       3423.81079102
0297       3425.45458984
0298       3427.46582031
0299       3429.08398438
0300       3431.06494141
0301       3432.64990234
0302       3434.60009766
0303       3436.15771484
0304       3438.08129883
0305       3439.60986328
0306       3441.50244141
0307       3443.00048828
0308       3444.86865234
0309       3446.34497070
0310       3448.18701172
0311       3449.63403320
0312       3451.44702148
0313       3452.86791992
0314       3454.65893555
0315       3456.05517578
0316       3457.81933594
0317       3459.19018555
0318       3460.93041992
0319       3462.27685547
0320       3463.99414062
0321       3465.31835938
0322       3467.00927734
0323       3468.30957031
0324       3469.97656250
0325       3471.25439453
0326       3472.89990234
0327       3474.15600586
0328       3475.78076172
0329       3477.01367188
0330       3478.61840820
0331       3479.83154297
0332       3481.41552734
0333       3482.60937500
0334       3484.17187500
0335       3485.34423828
0336       3486.88696289
0337       3488.03930664
0338       3489.56542969
0339       3490.70092773
0340       3492.20654297
0341       3493.32128906
0342       3494.80883789
0343       3495.90673828
0344       3497.37377930
0345       3498.45214844
0346       3499.90283203
0347       3500.96118164
0348       3502.39208984
0349       3503.43383789
0350       3504.85058594
0351       3505.87695312
0352       3507.27929688
0353       3508.29028320
0354       3509.67285156
0355       3510.66870117
0356       3512.03662109
0357       3513.01464844
0358       3514.36645508
0359       3515.32983398
0360       3516.66821289
0361       3517.61572266
0362       3518.93945312
0363       3519.87402344
0364       3521.18164062
0365       3522.10107422
0366       3523.39355469
0367       3524.29956055
0368       3525.57690430
0369       3526.46801758
0370       3527.73510742
0371       3528.61401367
0372       3529.86914062
0373       3530.73657227
0374       3531.97924805
0375       3532.83447266
0376       3534.06420898
0377       3534.90625000
0378       3536.12158203
0379       3536.94970703
0380       3538.15551758
0381       3538.97167969
0382       3540.16357422
0383       3540.96875000
0384       3542.14868164
0385       3542.94409180
0386       3544.11401367
0387       3544.89868164
0388       3546.05810547
0389       3546.83056641
0390       3547.97705078
0391       3548.73828125
0392       3549.87451172
0393       3550.62304688
0394       3551.75073242
0395       3552.48803711
0396       3553.60522461
0397       3554.33471680
0398       3555.44018555
0399       3556.15966797
0400       3557.25634766
0401       3557.96899414
0402       3559.05566406
0403       3559.75756836
0404       3560.83544922
0405       3561.52783203
0406       3562.59521484
0407       3563.27880859
0408       3564.33789062
0409       3565.01098633
0410       3566.06152344
0411       3566.72705078
0412       3567.77099609
0413       3568.42822266
0414       3569.46289062
0415       3570.11108398
0416       3571.13745117
0417       3571.77807617
0418       3572.79711914
0419       3573.43066406
0420       3574.44262695
0421       3575.06835938
0422       3576.07055664
0423       3576.68969727
0424       3577.68286133
0425       3578.29345703
0426       3579.28076172
0427       3579.88525391
0428       3580.86572266
0429       3581.46289062
0430       3582.43603516
0431       3583.02490234
0432       3583.99438477
0433       3584.57666016
0434       3585.53955078
0435       3586.11596680
0436       3587.07153320
0437       3587.64233398
0438       3588.59252930
0439       3589.15795898
0440       3590.10107422
0441       3590.65869141
0442       3591.59667969
0443       3592.14819336
0444       3593.08032227
0445       3593.62841797
0446       3594.55419922
0447       3595.09497070
0448       3596.01367188
0449       3596.54833984
0450       3597.46142578
0451       3597.99072266
0452       3598.89941406
0453       3599.42309570
0454       3600.32739258
0455       3600.84692383
0456       3601.74682617
0457       3602.25976562
0458       3603.15405273
0459       3603.66137695
0460       3604.55126953
0461       3605.05371094
0462       3605.93725586
0463       3606.43603516
0464       3607.31494141
0465       3607.81054688
0466       3608.68676758
0467       3609.17724609
0468       3610.04809570
0469       3610.53515625
0470       3611.40112305
0471       3611.88183594
0472       3612.74096680
0473       3613.21484375
0474       3614.07006836
0475       3614.53979492
0476       3615.38916016
0477       3615.85522461
0478       3616.70068359
0479       3617.16333008
0480       3618.00561523
0481       3618.46459961
0482       3619.30249023
0483       3619.75732422
0484       3620.59082031
0485       3621.04199219
0486       3621.87255859
0487       3622.32055664
0488       3623.14697266
0489       3623.59326172
0490       3624.41503906
0491       3624.85864258
0492       3625.67675781
0493       3626.11694336
0494       3626.93188477
0495       3627.36865234
0496       3628.18115234
0497       3628.61352539
0498       3629.42358398
0499       3629.85424805
0500       3630.66113281
0501       3631.08837891
0502       3631.89306641
0503       3632.31689453
0504       3633.11791992
0505       3633.53833008
0506       3634.33642578
0507       3634.75219727
0508       3635.54711914
0509       3635.95971680
0510       3636.75195312
0511       3637.16333008
0512       3637.95312500
0513       3638.36279297
0514       3639.15014648
0515       3639.55639648
0516       3640.34106445
0517       3640.74462891
0518       3641.52636719
0519       3641.92724609
0520       3642.70654297
0521       3643.10473633
0522       3643.88085938
0523       3644.27612305
0524       3645.05029297
0525       3645.44213867
0526       3646.21313477
0527       3646.60253906
0528       3647.37255859
0529       3647.75952148
0530       3648.52661133
0531       3648.91137695
0532       3649.67529297
0533       3650.05786133
0534       3650.81811523
0535       3651.19848633
0536       3651.95605469
0537       3652.33496094
0538       3653.09082031
0539       3653.46777344
0540       3654.22119141
0541       3654.59570312
0542       3655.34643555
0543       3655.71899414
0544       3656.46752930
0545       3656.83789062
0546       3657.58471680
0547       3657.95312500
0548       3658.69726562
0549       3659.06347656
0550       3659.80615234
0551       3660.17065430
0552       3660.91137695
0553       3661.27416992
0554       3662.01269531
0555       3662.37426758
0556       3663.11083984
0557       3663.47045898
0558       3664.20385742
0559       3664.56201172
0560       3665.29345703
0561       3665.64941406
0562       3666.37890625
0563       3666.73339844
0564       3667.46142578
0565       3667.81445312
0566       3668.54077148
0567       3668.89257812
0568       3669.61669922
0569       3669.96606445
0570       3670.68896484
0571       3671.03662109
0572       3671.75756836
0573       3672.10351562
0574       3672.82373047
0575       3673.16796875
0576       3673.88745117
0577       3674.22998047
0578       3674.94873047
0579       3675.28955078
0580       3676.00634766
0581       3676.34497070
0582       3677.06030273
0583       3677.39794922
0584       3678.11181641
0585       3678.44824219
0586       3679.16088867
0587       3679.49560547
0588       3680.20654297
0589       3680.54003906
0590       3681.25000000
0591       3681.58178711
0592       3682.29150391
0593       3682.62255859
0594       3683.33105469
0595       3683.66040039
0596       3684.36767578
0597       3684.69409180
0598       3685.39990234
0599       4911.89648438
0600       4912.05957031
0601       4911.84130859
0602       4912.00439453
0603       4911.78662109
0604       4911.95019531
0605       4911.73339844
0606       4911.89746094
0607       4911.68066406
0608       4911.84570312
0609       4911.62988281
0610       4911.79443359
0611       4911.57958984
0612       4911.74560547
0613       4911.53125000
0614       4911.69726562
0615       4911.48339844
0616       4911.65039062
0617       4911.43652344
0618       4911.60351562
0619       4911.39062500
0620       4911.55859375
0621       4911.34570312
0622       4911.51464844
0623       4911.30273438
0624       4911.47119141
0625       4911.25976562
0626       4911.42724609
0627       4911.21533203
0628       4911.38378906
0629       4911.17187500
0630       4911.33984375
0631       4911.12792969
0632       4911.29492188
0633       4911.08398438
0634       4911.25195312
0635       4911.03955078
0636       4911.20703125
0637       4910.99511719
0638       4911.16259766
0639       4910.94970703
0640       4911.11816406
0641       4910.90527344
0642       4911.07324219
0643       4910.86035156
0644       4911.02832031
0645       4910.81542969
0646       4910.98437500
0647       4910.77050781
0648       4910.93994141
0649       4910.72656250
0650       4910.89550781
0651       4910.68212891
0652       4910.85058594
0653       4910.63769531
0654       4910.80664062
0655       4910.59326172
0656       4910.76220703
0657       4910.54980469
0658       4910.71875000
0659       4910.50634766
0660       4910.67529297
0661       4910.46386719
0662       4910.63232422
0663       4910.42089844
0664       4910.58984375
0665       4910.37744141
0666       4910.54541016
0667       4910.33398438
0668       4910.50146484
0669       4910.29003906
0670       4910.45703125
0671       4910.24560547
0672       4910.41308594
0673       4910.20214844
0674       4910.36914062
0675       4910.15820312
0676       4910.32617188
0677       4910.11523438
0678       4910.28320312
0679       4910.07128906
0680       4910.23876953
0681       4910.02734375
0682       4910.19531250
0683       4909.98339844
0684       4910.15136719
0685       4909.93945312
0686       4910.10742188
0687       4909.89648438
0688       4910.06396484
0689       4909.85253906
0690       4910.02050781
0691       4909.80957031
0692       4909.97705078
0693       4909.76660156
0694       4909.93408203
0695       4909.72412109
0696       4909.89111328
0697       4909.68115234
0698       4909.84863281
0699       4909.63916016
0700       4909.80712891
0701       4909.59716797
0702       4909.76562500
0703       4909.55664062
0704       4909.72460938
0705       4909.51562500
0706       4909.68408203
0707       4909.47558594
0708       4909.64453125
0709       4909.43554688
0710       4909.60449219
0711       4909.39550781
0712       4909.56494141
0713       4909.35644531
0714       4909.52685547
0715       4909.31835938
0716       4909.48876953
0717       4909.27978516
0718       4909.44970703
0719       4909.24072266
0720       4909.41113281
0721       4909.20166016
0722       4909.37109375
0723       4909.16162109
0724       4909.33154297
0725       4909.12255859
0726       4909.29199219
0727       4909.08203125
0728       4909.25146484
0729       4909.04150391
0730       4909.21142578
0731       4909.00195312
0732       4909.17138672
0733       4908.96093750
0734       4909.13037109
0735       4908.91992188
0736       4909.08984375
0737       4908.87939453
0738       4909.04882812
0739       4908.83789062
0740       4909.00683594
0741       4908.79589844
0742       4908.96533203
0743       4908.75537109
0744       4908.92529297
0745       4908.71435547
0746       4908.88427734
0747       4908.67480469
0748       4908.84521484
0749       4908.63525391
0750       4908.80468750
0751       4908.59472656
0752       4908.76367188
0753       4908.55468750
0754       4908.72363281
0755       4908.51464844
0756       4908.68408203
0757       4908.47363281
0758       4908.64306641
0759       4908.43164062
0760       4908.60058594
0761       4908.38916016
0762       4908.55761719
0763       4908.34521484
0764       4908.51318359
0765       4908.30029297
0766       4908.46875000
0767       4908.25537109
0768       4908.42382812
0769       4908.20996094
0770       4908.37792969
0771       4908.16455078
0772       4908.33251953
0773       4908.11865234
0774       4908.28662109
0775       4908.07324219
0776       4908.24121094
0777       4908.02734375
0778       4908.19531250
0779       4907.98291016
0780       4908.14990234
0781       4907.93750000
0782       4908.10449219
0783       4907.89160156
0784       4908.05664062
0785       4907.84423828
0786       4908.00927734
0787       4907.79589844
0788       4907.96093750
0789       4907.74707031
0790       4907.91113281
0791       4907.69531250
0792       4907.85888672
0793       4907.64257812
0794       4907.80566406
0795       4907.58886719
0796       4907.75195312
0797       4907.53417969
0798       4907.69824219
0799       4907.48095703
0800       4907.64550781
0801       4907.42822266
0802       4907.59326172
0803       4907.37597656
0804       4907.54101562
0805       4907.32421875
0806       4907.48974609
0807       4907.27294922
0808       4907.43896484
0809       4907.22167969
0810       4907.38769531
0811       4907.17041016
0812       4907.33691406
0813       4907.12011719
0814       4907.28564453
0815       4907.06884766
0816       4907.23486328
0817       4907.01855469
0818       4907.18505859
0819       4906.96875000
0820       4907.13574219
0821       4906.92089844
0822       4907.08789062
0823       4906.87353516
0824       4907.04101562
0825       4906.82666016
0826       4906.99414062
0827       4906.77929688
0828       4906.94628906
0829       4906.73046875
0830       4906.89746094
0831       4906.68066406
0832       4906.84667969
0833       4906.62988281
0834       4906.79541016
0835       4906.57958984
0836       4906.74414062
0837       4906.52783203
0838       4906.69140625
0839       4906.47509766
0840       4906.63818359
0841       4906.42187500
0842       4906.58496094
0843       4906.36865234
0844       4906.53125000
0845       4906.31445312
0846       4906.47705078
0847       4906.25878906
0848       4906.42041016
0849       4906.20117188
0850       4906.36132812
0851       4906.14111328
0852       4906.29931641
0853       4906.08007812
0854       4906.23730469
0855       4906.01855469
0856       4906.17529297
0857       4905.95654297
0858       4906.11328125
0859       4905.89501953
0860       4906.05078125
0861       4905.83300781
0862       4905.98876953
0863       4905.77099609
0864       4905.92626953
0865       4905.70800781
0866       4905.86328125
0867       4905.64501953
0868       4905.79980469
0869       4905.58300781
0870       4905.73779297
0871       4905.52148438
0872       4905.67626953
0873       4905.46044922
0874       4905.61523438
0875       4905.39892578
0876       4905.55322266
0877       4905.33691406
0878       4905.49121094
0879       4905.27539062
0880       4905.43066406
0881       4905.21435547
0882       4905.36914062
0883       4905.15332031
0884       4905.30859375
0885       4905.09277344
0886       4905.24853516
0887       4905.03320312
0888       4905.18945312
0889       4904.97460938
0890       4905.13134766
0891       4904.91699219
0892       4905.07324219
0893       4904.85839844
0894       4905.01562500
0895       4904.80078125
0896       4904.95800781
0897       4904.74414062
0898       4904.90185547
0899       4904.68798828
0900       4904.84619141
0901       4904.63281250
0902       4904.79101562
0903       4904.57714844
0904       4904.73535156
0905       4904.52050781
0906       4904.67724609
0907       4904.46289062
0908       4904.61816406
0909       4904.40332031
0910       4904.55859375
0911       4904.34326172
0912       4904.49902344
0913       4904.28320312
0914       4904.43896484
0915       4904.22265625
0916       4904.37792969
0917       4904.16210938
0918       4904.31640625
0919       4904.10107422
0920       4904.25585938
0921       4904.04003906
0922       4904.19482422
0923       4903.97851562
0924       4904.13330078
0925       4903.91699219
0926       4904.07080078
0927       4903.85498047
0928       4904.00878906
0929       4903.79248047
0930       4903.94531250
0931       4903.72802734
0932       4903.88085938
0933       4903.66308594
0934       4903.81689453
0935       4903.59912109
0936       4903.75292969
0937       4903.53515625
0938       4903.68945312
0939       4903.47216797
0940       4903.62597656
0941       4903.40869141
0942       4903.56250000
0943       4903.34521484
0944       4903.49902344
0945       4903.28125000
0946       4903.43457031
0947       4903.21728516
0948       4903.37060547
0949       4903.15332031
0950       4903.30664062
0951       4903.08984375
0952       4903.24414062
0953       4903.02734375
0954       4903.18212891
0955       4902.96582031
0956       4903.12109375
0957       4902.90527344
0958       4903.06054688
0959       4902.84521484
0960       4903.00097656
0961       4902.78564453
0962       4902.94042969
0963       4902.72460938
0964       4902.87890625
0965       4902.66308594
0966       4902.81640625
0967       4902.60156250
0968       4902.75585938
0969       4902.54003906
0970       4902.69433594
0971       4902.47851562
0972       4902.63330078
0973       4902.41748047
0974       4902.57226562
0975       4902.35693359
0976       4902.51171875
0977       4902.29638672
0978       4902.45117188
0979       4902.23730469
0980       4902.39257812
0981       4902.17773438
0982       4902.33300781
0983       4902.11767578
0984       4902.27343750
0985       4902.05664062
0986       4902.21240234
0987       4901.99511719
0988       4902.15039062
0989       4901.93359375
0990       4902.08837891
0991       4901.87207031
0992       4902.02734375
0993       4901.80957031
0994       4901.96582031
0995       4901.74804688
0996       4901.90234375
0997       4901.68457031
0998       4901.83837891
0999       4901.61962891
1000       4901.77392578
1001       4901.55468750
1002       4901.70898438
1003       4901.49023438
1004       4901.64501953
1005       4901.42626953
1006       4901.58251953
1007       4901.36279297
1008       4901.51953125
1009       4901.29882812
1010       4901.45605469
1011       4901.23535156
1012       4901.39355469
1013       4901.17333984
1014       4901.33105469
1015       4901.11083984
1016       4901.26953125
1017       4901.04931641
1018       4901.20898438
1019       4900.98974609
1020       4901.14990234
1021       4900.93115234
1022       4901.09277344
1023       4900.87402344
1024       4901.03515625
1025       4900.81689453
1026       4900.97851562
1027       4900.75976562
1028       4900.92041016
1029       4900.70263672
1030       4900.86328125
1031       4900.64550781
1032       4900.80566406
1033       4900.58886719
1034       4900.74804688
1035       4900.53125000
1036       4900.69140625
1037       4900.47460938
1038       4900.63476562
1039       4900.41845703
1040       4900.57910156
1041       4900.36230469
1042       4900.52294922
1043       4900.30664062
1044       4900.46679688
1045       4900.25097656
1046       4900.41113281
1047       4900.19580078
1048       4900.35644531
1049       4900.14160156
1050       4900.30175781
1051       4900.08691406
1052       4900.24804688
1053       4900.03417969
1054       4900.19531250
1055       4899.98095703
1056       4900.14208984
1057       4899.92773438
1058       4900.08984375
1059       4899.87597656
1060       4900.03710938
1061       4899.82421875
1062       4899.98535156
1063       4899.77197266
1064       4899.93310547
1065       4899.72021484
1066       4899.88183594
1067       4899.66992188
1068       4899.83203125
1069       4899.62011719
1070       4899.78222656
1071       4899.57128906
1072       4899.73388672
1073       4899.52343750
1074       4899.68554688
1075       4899.47558594
1076       4899.63867188
1077       4899.42968750
1078       4899.59277344
1079       4899.38281250
1080       4899.54589844
1081       4899.33593750
1082       4899.50000000
1083       4899.28906250
1084       4899.45214844
1085       4899.24072266
1086       4899.40429688
1087       4899.19287109
1088       4899.35644531
1089       4899.14453125
1090       4899.30859375
1091       4899.09667969
1092       4899.26074219
1093       4899.04882812
1094       4899.21289062
1095       4899.00097656
1096       4899.16601562
1097       4898.95361328
1098       4899.11914062
1099       4898.90625000
1100       4899.07226562
1101       4898.85986328
1102       4899.02539062
1103       4898.81347656
1104       4898.97851562
1105       4898.76660156
1106       4898.93164062
1107       4898.71875000
1108       4898.88476562
1109       4898.67187500
1110       4898.83789062
1111       4898.62500000
1112       4898.79199219
1113       4898.57910156
1114       4898.74609375
1115       4898.53417969
1116       4898.70117188
1117       4898.48925781
1118       4898.65625000
1119       4898.44433594
1120       4898.61181641
1121       4898.40039062
1122       4898.56835938
1123       4898.35644531
1124       4898.52441406
1125       4898.31250000
1126       4898.48046875
1127       4898.26953125
1128       4898.43847656
1129       4898.22802734
1130       4898.39648438
1131       4898.18652344
1132       4898.35449219
1133       4898.14501953
1134       4898.31396484
1135       4898.10449219
1136       4898.27343750
1137       4898.06445312
1138       4898.23339844
1139       4898.02392578
1140       4898.19335938
1141       4897.98486328
1142       4898.15429688
1143       4897.94628906
1144       4898.11572266
1145       4897.90869141
1146       4898.07763672
1147       4897.86962891
1148       4898.03857422
1149       4897.83154297
1150       4898.00048828
1151       4897.79296875
1152       4897.96191406
1153       4897.75488281
1154       4897.92431641
1155       4897.71728516
1156       4897.88623047
1157       4897.67968750
1158       4897.84912109
1159       4897.64208984
1160       4897.81152344
1161       4897.60498047
1162       4897.77392578
1163       4897.56738281
1164       4897.73730469
1165       4897.52978516
1166       4897.70019531
1167       4897.49316406
1168       4897.66308594
1169       4897.45654297
1170       4897.62646484
1171       4897.41943359
1172       4897.58984375
1173       4897.38330078
1174       4897.55322266
1175       4897.34667969
1176       4897.51708984
1177       4897.31103516
1178       4897.48242188
1179       4897.27636719
1180       4897.44726562
1181       4897.24169922
1182       4897.41308594
1183       4897.20751953
1184       4897.37841797
1185       4897.17333984
1186       4897.34375000
1187       4897.13867188
1188       4897.30859375
1189       4897.10400391
1190       4897.27392578
1191       4897.06982422
1192       4897.23974609
1193       4897.03613281
1194       4897.20605469
1195       4897.00292969
1196       4897.17333984
1197       4896.97021484
1198       4897.14062500
1199       4896.93750000
1200       4897.10839844
1201       4896.90576172
1202       4897.07714844
1203       4896.87500000
1204       4897.04589844
1205       4896.84326172
1206       4897.01464844
1207       4896.81201172
1208       4896.98291016
1209       4896.78027344
1210       4896.95117188
1211       4896.74853516
1212       4896.91943359
1213       4896.71679688
1214       4896.88818359
1215       4896.68554688
1216       4896.85644531
1217       4896.65380859
1218       4896.82470703
1219       4896.62255859
1220       4896.79345703
1221       4896.59130859
1222       4896.76220703
1223       4896.56005859
1224       4896.73095703
1225       4896.52880859
1226       4896.70019531
1227       4896.49804688
1228       4896.66943359
1229       4896.46777344
1230       4896.63916016
1231       4896.43750000
1232       4896.60888672
1233       4896.40722656
1234       4896.57910156
1235       4896.37792969
1236       4896.54980469
1237       4896.34863281
1238       4896.52099609
1239       4896.31933594
1240       4896.49218750
1241       4896.29003906
1242       4896.46240234
1243       4896.26074219
1244       4896.43261719
1245       4896.23193359
1246       4896.40380859
1247       4896.20312500
1248       4896.37500000
1249       4896.17529297
1250       4896.34619141
1251       4896.14697266
1252       4896.31835938
1253       4896.11962891
1254       4896.29101562
1255       4896.09179688
1256       4896.26367188
1257       4896.06494141
1258       4896.23632812
1259       4896.03808594
1260       4896.20947266
1261       4896.01074219
1262       4896.18261719
1263       4895.98339844
1264       4896.15527344
1265       4895.95654297
1266       4896.12841797
1267       4895.92968750
1268       4896.10156250
1269       4895.90283203
1270       4896.07421875
1271       4895.87597656
1272       4896.04785156
1273       4895.84912109
1274       4896.02099609
1275       4895.82275391
1276       4895.99511719
1277       4895.79638672
1278       4895.96875000
1279       4895.77050781
1280       4895.94238281
1281       4895.74365234
1282       4895.91601562
1283       4895.71679688
1284       4895.88916016
1285       4895.69042969
1286       4895.86279297
1287       4895.66406250
1288       4895.83642578
1289       4895.63769531
1290       4895.81005859
1291       4895.61181641
1292       4895.78417969
1293       4895.58593750
1294       4895.75830078
1295       4895.56054688
1296       4895.73242188
1297       4895.53466797
1298       4895.70703125
1299       4895.50976562
1300       4895.68261719
1301       4895.48535156
1302       4895.65820312
1303       4895.46142578
1304       4895.63476562
1305       4895.43798828
1306       4895.61132812
1307       4895.41406250
1308       4895.58789062
1309       4895.39062500
1310       4895.56445312
1311       4895.36767578
1312       4895.54101562
1313       4895.34472656
1314       4895.51806641
1315       4895.32128906
1316       4895.49511719
1317       4895.29833984
1318       4895.47216797
1319       4895.27539062
1320       4895.44921875
1321       4895.25341797
1322       4895.42675781
1323       4895.23095703
1324       4895.40429688
1325       4895.20849609
1326       4895.38232422
1327       4895.18652344
1328       4895.36035156
1329       4895.16455078
1330       4895.33837891
1331       4895.14355469
1332       4895.31738281
1333       4895.12207031
1334       4895.29638672
1335       4895.10156250
1336       4895.27539062
1337       4895.08056641
1338       4895.25390625
1339       4895.05957031
1340       4895.23291016
1341       4895.03808594
1342       4895.21191406
1343       4895.01708984
1344       4895.19042969
1345       4894.99609375
1346       4895.16992188
1347       4894.97558594
1348       4895.14941406
1349       4894.95507812
1350       4895.12939453
1351       4894.93457031
1352       4895.10888672
1353       4894.91406250
1354       4895.08886719
1355       4894.89355469
1356       4895.06835938
1357       4894.87353516
1358       4895.04882812
1359       4894.85351562
1360       4895.02929688
1361       4894.83398438
1362       4895.00927734
1363       4894.81445312
1364       4894.98925781
1365       4894.79492188
1366       4894.96972656
1367       4894.77539062
1368       4894.95019531
1369       4894.75537109
1370       4894.93066406
1371       4894.73632812
1372       4894.91210938
1373       4894.71777344
1374       4894.89306641
1375       4894.69873047
1376       4894.87402344
1377       4894.67968750
1378       4894.85498047
1379       4894.66113281
1380       4894.83593750
1381       4894.64257812
1382       4894.81787109
1383       4894.62451172
1384       4894.79980469
1385       4894.60644531
1386       4894.78222656
1387       4894.58886719
1388       4894.76464844
1389       4894.57128906
1390       4894.74755859
1391       4894.55371094
1392       4894.72998047
1393       4894.53662109
1394       4894.71289062
1395       4894.51953125
1396       4894.69628906
1397       4894.50244141
1398       4894.67919922
1399       4894.48535156
1400       4894.66210938
1401       4894.46875000
1402       4894.64550781
1403       4894.45214844
1404       4894.62890625
1405       4894.43554688
1406       4894.61230469
1407       4894.41894531
1408       4894.59570312
1409       4894.40283203
1410       4894.57958984
1411       4894.38671875
1412       4894.56347656
1413       4894.37011719
1414       4894.54736328
1415       4894.35449219
1416       4894.53125000
1417       4894.33837891
1418       4894.51562500
1419       4894.32275391
1420       4894.50000000
1421       4894.30664062
1422       4894.48388672
1423       4894.29101562
1424       4894.46777344
1425       4894.27490234
1426       4894.45214844
1427       4894.25927734
1428       4894.43652344
1429       4894.24365234
1430       4894.42138672
1431       4894.22851562
1432       4894.40576172
1433       4894.21289062
1434       4894.39013672
1435       4894.19726562
1436       4894.37500000
1437       4894.18164062
1438       4894.35937500
1439       4894.16601562
1440       4894.34375000
1441       4894.15087891
1442       4894.32861328
1443       4894.13574219
1444       4894.31347656
1445       4894.12060547
1446       4894.29882812
1447       4894.10546875
1448       4894.28369141
1449       4894.09082031
1450       4894.26855469
1451       4894.07568359
1452       4894.25390625
1453       4894.06054688
1454       4894.23876953
1455       4894.04541016
1456       4894.22363281
1457       4894.03027344
1458       4894.20849609
1459       4894.01464844
1460       4894.19287109
1461       4893.99951172
1462       4894.17773438
1463       4893.98437500
1464       4894.16308594
1465       4893.96923828
1466       4894.14794922
1467       4893.95410156
1468       4894.13281250
1469       4893.93945312
1470       4894.11767578
1471       4893.92431641
1472       4894.10253906
1473       4893.90917969
1474       4894.08789062
1475       4893.89453125
1476       4894.07324219
1477       4893.87988281
1478       4894.05908203
1479       4893.86523438
1480       4894.04443359
1481       4893.85107422
1482       4894.02978516
1483       4893.83642578
1484       4894.01562500
1485       4893.82226562
1486       4894.00146484
1487       4893.80761719
1488       4893.98730469
1489       4893.79345703
1490       4893.97265625
1491       4893.77929688
1492       4893.95849609
1493       4893.76513672
1494       4893.94384766
1495       4893.75048828
1496       4893.92968750
1497       4893.73583984
1498       4893.91503906
1499       4891.63037109
1500       4891.79687500
1501       4891.59277344
1502       4891.76025391
1503       4891.55712891
1504       4891.72509766
1505       4891.52197266
1506       4891.69042969
1507       4891.48779297
1508       4891.65673828
1509       4891.45458984
1510       4891.62402344
1511       4891.42236328
1512       4891.59277344
1513       4891.39160156
1514       4891.56250000
1515       4891.36230469
1516       4891.53369141
1517       4891.33398438
1518       4891.50488281
1519       4891.30615234
1520       4891.47753906
1521       4891.27929688
1522       4891.45117188
1523       4891.25390625
1524       4891.42626953
1525       4891.22851562
1526       4891.40185547
1527       4891.20507812
1528       4891.37890625
1529       4891.18212891
1530       4891.35644531
1531       4891.16015625
1532       4891.33398438
1533       4891.13769531
1534       4891.31250000
1535       4891.11621094
1536       4891.29101562
1537       4891.09472656
1538       4891.26953125
1539       4891.07421875
1540       4891.24902344
1541       4891.05371094
1542       4891.22851562
1543       4891.03320312
1544       4891.20849609
1545       4891.01367188
1546       4891.18847656
1547       4890.99414062
1548       4891.16992188
1549       4890.97558594
1550       4891.15185547
1551       4890.95751953
1552       4891.13427734
1553       4890.94042969
1554       4891.11718750
1555       4890.92431641
1556       4891.10058594
1557       4890.90869141
1558       4891.08593750
1559       4890.89404297
1560       4891.07128906
1561       4890.87988281
1562       4891.05761719
1563       4890.86669922
1564       4891.04492188
1565       4890.85449219
1566       4891.03271484
1567       4890.84277344
1568       4891.02099609
1569       4890.83105469
1570       4891.00878906
1571       4890.81884766
1572       4890.99755859
1573       4890.80761719
1574       4890.98632812
1575       4890.79687500
1576       4890.97607422
1577       4890.78662109
1578       4890.96582031
1579       4890.77636719
1580       4890.95556641
1581       4890.76660156
1582       4890.94628906
1583       4890.75732422
1584       4890.93701172
1585       4890.74804688
1586       4890.92822266
1587       4890.73974609
1588       4890.91943359
1589       4890.73144531
1590       4890.91210938
1591       4890.72412109
1592       4890.90478516
1593       4890.71728516
1594       4890.89843750
1595       4890.71093750
1596       4890.89208984
1597       4890.70507812
1598       4890.88671875
1599       4890.69921875
1600       4890.88134766
1601       4890.69433594
1602       4890.87597656
1603       4890.68896484
1604       4890.87109375
1605       4890.68457031
1606       4890.86621094
1607       4890.67968750
1608       4890.86230469
1609       4890.67578125
1610       4890.85839844
1611       4890.67236328
1612       4890.85498047
1613       4890.66894531
1614       4890.85156250
1615       4890.66601562
1616       4890.84912109
1617       4890.66406250
1618       4890.84667969
1619       4890.66162109
1620       4890.84472656
1621       4890.66015625
1622       4890.84277344
1623       4890.65820312
1624       4890.84130859
1625       4890.65625000
1626       4890.83984375
1627       4890.65527344
1628       4890.83886719
1629       4890.65429688
1630       4890.83789062
1631       4890.65283203
1632       4890.83691406
1633       4890.65234375
1634       4890.83642578
1635       4890.65185547
1636       4890.83642578
1637       4890.65185547
1638       4890.83691406
1639       4890.65234375
1640       4890.83691406
1641       4890.65234375
1642       4890.83740234
1643       4890.65283203
1644       4890.83789062
1645       4890.65429688
1646       4890.83886719
1647       4890.65527344
1648       4890.84033203
1649       4890.65625000
1650       4890.84130859
1651       4890.65722656
1652       4890.84228516
1653       4890.65917969
1654       4890.84423828
1655       4890.66113281
1656       4890.84619141
1657       4890.66308594
1658       4890.84863281
1659       4890.66552734
1660       4890.85156250
1661       4890.66796875
1662       4890.85449219
1663       4890.67138672
1664       4890.85742188
1665       4890.67431641
1666       4890.86035156
1667       4890.67724609
1668       4890.86376953
1669       4890.68066406
1670       4890.86718750
1671       4890.68457031
1672       4890.87109375
1673       4890.68798828
1674       4890.87500000
1675       4890.69189453
1676       4890.87890625
1677       4890.69628906
1678       4890.88378906
1679       4890.70117188
1680       4890.88867188
1681       4890.70605469
1682       4890.89355469
1683       4890.71093750
1684       4890.89794922
1685       4890.71582031
1686       4890.90332031
1687       4890.72070312
1688       4890.90869141
1689       4890.72656250
1690       4890.91455078
1691       4890.73242188
1692       4890.92041016
1693       4890.73828125
1694       4890.92578125
1695       4890.74365234
1696       4890.93212891
1697       4890.75000000
1698       4890.93798828
1699       4890.75585938
1700       4890.94433594
1701       4890.76171875
1702       4890.95019531
1703       4890.76806641
1704       4890.95654297
1705       4890.77441406
1706       4890.96289062
1707       4890.78076172
1708       4890.96972656
1709       4890.78710938
1710       4890.97607422
1711       4890.79394531
1712       4890.98242188
1713       4890.80029297
1714       4890.98925781
1715       4890.80712891
1716       4890.99658203
1717       4890.81445312
1718       4891.00341797
1719       4890.82128906
1720       4891.01025391
1721       4890.82812500
1722       4891.01757812
1723       4890.83496094
1724       4891.02441406
1725       4890.84228516
1726       4891.03173828
1727       4890.84960938
1728       4891.03906250
1729       4890.85693359
1730       4891.04687500
1731       4890.86425781
1732       4891.05419922
1733       4890.87207031
1734       4891.06152344
1735       4890.87939453
1736       4891.06933594
1737       4890.88720703
1738       4891.07714844
1739       4890.89501953
1740       4891.08496094
1741       4890.90234375
1742       4891.09277344
1743       4890.91015625
1744       4891.10009766
1745       4890.91796875
1746       4891.10791016
1747       4890.92578125
1748       4891.11572266
1749       4890.93359375
1750       4891.12353516
1751       4890.94140625
1752       4891.13134766
1753       4890.94921875
1754       4891.13964844
1755       4890.95751953
1756       4891.14794922
1757       4890.96582031
1758       4891.15625000
1759       4890.97412109
1760       4891.16406250
1761       4890.98242188
1762       4891.17236328
1763       4890.99023438
1764       4891.18115234
1765       4890.99902344
1766       4891.18945312
1767       4891.00781250
1768       4891.19873047
1769       4891.01660156
1770       4891.20751953
1771       4891.02587891
1772       4891.21679688
1773       4891.03515625
1774       4891.22558594
1775       4891.04394531
1776       4891.23535156
1777       4891.05371094
1778       4891.24511719
1779       4891.06347656
1780       4891.25439453
1781       4891.07324219
1782       4891.26416016
1783       4891.08251953
1784       4891.27392578
1785       4891.09277344
1786       4891.28417969
1787       4891.10302734
1788       4891.29443359
1789       4891.11328125
1790       4891.30468750
1791       4891.12304688
1792       4891.31445312
1793       4891.13330078
1794       4891.32470703
1795       4891.14355469
1796       4891.33496094
1797       4891.15332031
1798       4891.34521484
1799       4891.16406250
1800       4891.35546875
1801       4891.17480469
1802       4891.36621094
1803       4891.18505859
1804       4891.37695312
1805       4891.19580078
1806       4891.38769531
1807       4891.20654297
1808       4891.39794922
1809       4891.21679688
1810       4891.40869141
1811       4891.22753906
1812       4891.41943359
1813       4891.23828125
1814       4891.42968750
1815       4891.24902344
1816       4891.44091797
1817       4891.25976562
1818       4891.45166016
1819       4891.27050781
1820       4891.46240234
1821       4891.28125000
1822       4891.47363281
1823       4891.29248047
1824       4891.48437500
1825       4891.30322266
1826       4891.49511719
1827       4891.31396484
1828       4891.50585938
1829       4891.32519531
1830       4891.51660156
1831       4891.33593750
1832       4891.52783203
1833       4891.34667969
1834       4891.53857422
1835       4891.35742188
1836       4891.54931641
1837       4891.36816406
1838       4891.56054688
1839       4891.37939453
1840       4891.57128906
1841       4891.39013672
1842       4891.58203125
1843       4891.40087891
1844       4891.59277344
1845       4891.41210938
1846       4891.60351562
1847       4891.42285156
1848       4891.61474609
1849       4891.43359375
1850       4891.62548828
1851       4891.44433594
1852       4891.63623047
1853       4891.45507812
1854       4891.64746094
1855       4891.46630859
1856       4891.65820312
1857       4891.47705078
1858       4891.66894531
1859       4891.48779297
1860       4891.67968750
1861       4891.49902344
1862       4891.69042969
1863       4891.50976562
1864       4891.70166016
1865       4891.52050781
1866       4891.71240234
1867       4891.53125000
1868       4891.72314453
1869       4891.54199219
1870       4891.73437500
1871       4891.55322266
1872       4891.74511719
1873       4891.56396484
1874       4891.75585938
1875       4891.57519531
1876       4891.76708984
1877       4891.58593750
1878       4891.77832031
1879       4891.59716797
1880       4891.78906250
1881       4891.60839844
1882       4891.80029297
1883       4891.61962891
1884       4891.81152344
1885       4891.63085938
1886       4891.82226562
1887       4891.64160156
1888       4891.83349609
1889       4891.65283203
1890       4891.84472656
1891       4891.66406250
1892       4891.85595703
1893       4891.67480469
1894       4891.86718750
1895       4891.68603516
1896       4891.87792969
1897       4891.69726562
1898       4891.88916016
1899       4891.70849609
1900       4891.90039062
1901       4891.71972656
1902       4891.91113281
1903       4891.73046875
1904       4891.92236328
1905       4891.74169922
1906       4891.93359375
1907       4891.75292969
1908       4891.94482422
1909       4891.76367188
1910       4891.95605469
1911       4891.77490234
1912       4891.96679688
1913       4891.78613281
1914       4891.97802734
1915       4891.79736328
1916       4891.98925781
1917       4891.80859375
1918       4892.00000000
1919       4891.81933594
1920       4892.01123047
1921       4891.83056641
1922       4892.02246094
1923       4891.84179688
1924       4892.03369141
1925       4891.85253906
1926       4892.04492188
1927       4891.86376953
1928       4892.05566406
1929       4891.87500000
1930       4892.06689453
1931       4891.88623047
1932       4892.07812500
1933       4891.89746094
1934       4892.08886719
1935       4891.90820312
1936       4892.10009766
1937       4891.91943359
1938       4892.11132812
1939       4891.93066406
1940       4892.12255859
1941       4891.94140625
1942       4892.13378906
1943       4891.95263672
1944       4892.14453125
1945       4891.96386719
1946       4892.15576172
1947       4891.97509766
1948       4892.16699219
1949       4891.98632812
1950       4892.17773438
1951       4891.99707031
1952       4892.18896484
1953       4892.00830078
1954       4892.20019531
1955       4892.01953125
1956       4892.21142578
1957       4892.03027344
1958       4892.22265625
1959       4892.04150391
1960       4892.23339844
1961       4892.05273438
1962       4892.24462891
1963       4892.06396484
1964       4892.25585938
1965       4892.07519531
1966       4892.26660156
1967       4892.08593750
1968       4892.27783203
1969       4892.09716797
1970       4892.28906250
1971       4892.10839844
1972       4892.30029297
1973       4892.11914062
1974       4892.31152344
1975       4892.13037109
1976       4892.32226562
1977       4892.14160156
1978       4892.33349609
1979       4892.15283203
1980       4892.34472656
1981       4892.16406250
1982       4892.35546875
1983       4892.17480469
1984       4892.36669922
1985       4892.18603516
1986       4892.37792969
1987       4892.19726562
1988       4892.38916016
1989       4892.20800781
1990       4892.40039062
1991       4892.21923828
1992       4892.41113281
1993       4892.23046875
1994       4892.42236328
1995       4892.24169922
1996       4892.43359375
1997       4892.25292969
1998       4892.44433594
1999       4892.26367188
2000       4892.45556641
2001       4892.27490234
2002       4892.46679688
2003       4892.28613281
2004       4892.47802734
2005       4892.29687500
2006       4892.48925781
2007       4892.30810547
2008       4892.50000000
2009       4892.31933594
2010       4892.51123047
2011       4892.33056641
2012       4892.52246094
2013       4892.34179688
2014       4892.53320312
2015       4892.35253906
2016       4892.54443359
2017       4892.36376953
2018       4892.55566406
2019       4892.37500000
2020       4892.56689453
2021       4892.38574219
2022       4892.57812500
2023       4892.39843750
