0000         12.16542053
0001         63.11883545
0002        182.67413330
0003        360.45181274
0004        583.65496826
0005        836.02185059
0006       1113.41748047
0007       1404.50915527
0008       1710.45117188
0009       2021.91186523
0010       2342.81835938
0011       2664.52148438
0012       2992.36523438
0013       3318.10668945
0014       3647.91381836
0015       3973.82104492
0016       4302.47998047
0017       4626.08593750
0018       4951.61962891
0019       5271.36132812
0020       5592.52636719
0021       5907.45556641
0022       6223.48193359
0023       6532.98242188
0024       6843.39794922
0025       7147.11328125
0026       7451.62353516
0027       7749.33984375
0028       8047.80468750
0029       8339.45214844
0030       8631.81445312
0031       8917.31933594
0032       9203.57031250
0033       9482.97949219
0034       9763.15820312
0035      10036.53125000
0036      10310.68750000
0037      10578.08691406
0038      10846.31933594
0039      11107.82226562
0040      11370.19824219
0041      11625.89453125
0042      11882.54003906
0043      12132.57421875
0044      12383.59960938
0045      12628.03906250
0046      12873.54199219
0047      13112.53613281
0048      13352.65039062
0049      13586.28125000
0050      13821.08984375
0051      14049.52343750
0052      14279.14843750
0053      14502.43261719
0054      14726.98730469
0055      14945.24804688
0056      15164.84277344
0057      15378.20214844
0058      15592.94433594
0059      15801.51074219
0060      16011.48925781
0061      16215.34570312
0062      16420.67382812
0063      16619.94531250
0064      16820.75000000
0065      17015.53710938
0066      17211.91406250
0067      17402.30078125
0068      17594.34375000
0069      17780.45312500
0070      17968.24023438
0071      18150.13671875
0072      18333.77929688
0073      18511.59179688
0074      18691.18164062
0075      18864.98242188
0076      19040.56640625
0077      19210.43750000
0078      19382.16406250
0079      19548.19726562
0080      19716.13671875
0081      19878.45117188
0082      20042.72851562
0083      20201.39648438
0084      20362.08789062
0085      20517.19726562
0086      20674.33593750
0087      20825.91992188
0088      20979.60937500
0089      21127.81250000
0090      21278.08789062
0091      21422.93554688
0092      21569.93554688
0093      21711.51562500
0094      21855.28320312
0095      21993.68945312
0096      22134.31445312
0097      22269.58789062
0098      22407.12109375
0099      22539.38476562
0100      22673.92578125
0101      22803.24609375
0102      22934.85156250
0103      23061.25976562
0104      23189.97070312
0105      23313.51953125
0106      23439.42382812
0107      23560.24023438
0108      23683.44140625
0109      23801.52734375
0110      23922.04296875
0111      24037.49023438
0112      24155.37890625
0113      24268.24414062
0114      24383.59179688
0115      24493.94335938
0116      24606.78906250
0117      24714.64843750
0118      24825.05664062
0119      24930.52929688
0120      25038.56054688
0121      25141.69140625
0122      25247.37890625
0123      25348.20117188
0124      25451.64453125
0125      25550.23828125
0126      25651.44140625
0127      25747.82031250
0128      25846.87109375
0129      25941.11328125
0130      26038.02734375
0131      26130.15820312
0132      26224.98828125
0133      26315.08203125
0134      26407.89257812
0135      26495.99218750
0136      26586.85156250
0137      26672.97656250
0138      26761.88085938
0139      26846.13281250
0140      26933.14062500
0141      27015.49804688
0142      27100.68554688
0143      27181.22265625
0144      27264.59765625
0145      27343.35156250
0146      27424.96679688
0147      27502.00390625
0148      27581.90234375
0149      27657.20898438
0150      27735.43554688
0151      27809.12500000
0152      27885.69921875
0153      27957.73437500
0154      28032.72460938
0155      28103.18554688
0156      28176.59960938
0157      28245.51562500
0158      28317.41601562
0159      28384.80273438
0160      28455.18750000
0161      28521.13671875
0162      28590.06835938
0163      28654.54882812
0164      28722.03906250
0165      28785.11328125
0166      28851.21484375
0167      28912.92578125
0168      28977.65820312
0169      29038.01171875
0170      29101.42968750
0171      29160.44335938
0172      29222.52539062
0173      29280.26171875
0174      29341.08398438
0175      29397.55859375
0176      29457.16601562
0177      29512.43359375
0178      29570.81054688
0179      29624.87500000
0180      29682.08398438
0181      29734.99414062
0182      29791.02929688
0183      29842.79687500
0184      29897.70117188
0185      29948.33984375
0186      30002.12695312
0187      30051.66015625
0188      30104.39453125
0189      30152.87890625
0190      30204.55664062
0191      30252.00585938
0192      30302.62890625
0193      30349.06054688
0194      30398.70312500
0195      30444.13867188
0196      30492.79882812
0197      30537.28125000
0198      30584.97851562
0199      30628.50000000
0200      30675.26367188
0201      30717.84375000
0202      30763.67773438
0203      30805.34765625
0204      30850.28710938
0205      30891.07226562
0206      30935.14453125
0207      30975.08203125
0208      31018.30468750
0209      31057.38867188
0210      31099.76171875
0211      31138.02734375
0212      31179.58789062
0213      31217.04296875
0214      31257.79492188
0215      31294.47265625
0216      31334.44726562
0217      31370.35351562
0218      31409.56445312
0219      31444.70703125
0220      31483.16210938
0221      31517.55468750
0222      31555.28710938
0223      31588.97656250
0224      31626.00000000
0225      31658.98437500
0226      31695.34570312
0227      31727.65429688
0228      31763.33593750
0229      31794.98828125
0230      31830.02148438
0231      31860.99414062
0232      31895.37109375
0233      31925.70117188
0234      31959.44921875
0235      31989.17578125
0236      32022.29492188
0237      32051.39453125
0238      32083.91210938
0239      32112.42187500
0240      32144.34960938
0241      32172.28125000
0242      32203.63671875
0243      32230.99609375
0244      32261.79296875
0245      32288.58984375
0246      32318.81250000
0247      32345.05664062
0248      32374.74218750
0249      32400.46679688
0250      32429.66406250
0251      32454.86718750
0252      32483.54296875
0253      32508.24804688
0254      32536.41601562
0255      32560.63476562
0256      32588.30859375
0257      32612.02734375
0258      32639.21093750
0259      32662.45117188
0260      32689.20117188
0261      32711.99609375
0262      32738.24609375
0263      32760.58007812
0264      32786.41796875
0265      32808.32421875
0266      32833.71484375
0267      32855.17578125
0268      32880.12890625
0269      32901.18750000
0270      32925.75390625
0271      32946.39062500
0272      32970.52343750
0273      32990.76562500
0274      33014.50781250
0275      33034.35546875
0276      33057.72656250
0277      33077.19531250
0278      33100.16796875
0279      33119.24218750
0280      33141.87500000
0281      33160.58203125
0282      33182.82812500
0283      33201.19140625
0284      33223.07031250
0285      33241.09765625
0286      33262.64453125
0287      33280.32421875
0288      33301.52343750
0289      33318.84765625
0290      33339.73046875
0291      33356.74218750
0292      33377.30468750
0293      33393.98437500
0294      33414.21484375
0295      33430.59375000
0296      33450.52734375
0297      33466.60937500
0298      33486.25390625
0299      33502.03515625
0300      33521.39453125
0301      33536.89062500
0302      33555.92187500
0303      33571.12500000
0304      33589.90234375
0305      33604.80468750
0306      33623.29687500
0307      33637.96484375
0308      33656.19140625
0309      33670.57031250
0310      33688.52734375
0311      33702.67187500
0312      33720.39062500
0313      33734.26562500
0314      33751.71484375
0315      33765.35546875
0316      33782.57031250
0317      33795.98828125
0318      33812.95312500
0319      33826.11328125
0320      33842.85937500
0321      33855.77734375
0322      33872.30078125
0323      33884.98828125
0324      33901.28125000
0325      33913.77343750
0326      33929.83984375
0327      33942.11328125
0328      33957.96875000
0329      33970.01171875
0330      33985.66796875
0331      33997.51953125
0332      34012.98437500
0333      34024.62109375
0334      34039.88671875
0335      34051.33984375
0336      34066.39843750
0337      34077.65234375
0338      34092.52343750
0339      34103.60937500
0340      34118.27734375
0341      34129.17187500
0342      34143.67187500
0343      34154.39062500
0344      34168.71484375
0345      34179.26562500
0346      34193.40234375
0347      34203.75781250
0348      34217.73437500
0349      34227.93750000
0350      34241.76171875
0351      34251.81250000
0352      34265.48828125
0353      34275.34765625
0354      34288.86718750
0355      34298.57812500
0356      34311.94921875
0357      34321.52734375
0358      34334.71875000
0359      34344.13671875
0360      34357.18750000
0361      34366.42968750
0362      34379.33203125
0363      34388.44140625
0364      34401.19921875
0365      34410.18750000
0366      34422.79687500
0367      34431.62890625
0368      34444.10937500
0369      34452.81250000
0370      34465.16406250
0371      34473.74218750
0372      34485.94531250
0373      34494.37109375
0374      34506.46484375
0375      34514.79296875
0376      34526.76953125
0377      34534.97656250
0378      34546.82031250
0379      34554.91015625
0380      34566.62890625
0381      34574.58984375
0382      34586.19140625
0383      34594.05078125
0384      34605.53906250
0385      34613.27734375
0386      34624.66796875
0387      34632.30078125
0388      34643.58593750
0389      34651.14062500
0390      34662.31250000
0391      34669.75781250
0392      34680.85156250
0393      34688.20312500
0394      34699.19531250
0395      34706.46093750
0396      34717.35156250
0397      34724.52343750
0398      34735.32421875
0399      34742.41406250
0400      34753.11718750
0401      34760.08593750
0402      34770.69140625
0403      34777.58203125
0404      34788.09765625
0405      34794.89453125
0406      34805.34375000
0407      34812.03515625
0408      34822.39062500
0409      34828.98437500
0410      34839.27343750
0411      34845.77734375
0412      34855.98828125
0413      34862.41015625
0414      34872.53515625
0415      34878.85546875
0416      34888.89843750
0417      34895.14453125
0418      34905.09765625
0419      34911.25781250
0420      34921.11718750
0421      34927.19531250
0422      34936.98046875
0423      34942.98828125
0424      34952.70312500
0425      34958.66015625
0426      34968.30859375
0427      34974.22265625
0428      34983.80468750
0429      34989.67968750
0430      34999.20312500
0431      35005.04296875
0432      35014.51953125
0433      35020.31640625
0434      35029.73437500
0435      35035.44140625
0436      35044.78906250
0437      35050.38281250
0438      35059.64062500
0439      35065.13281250
0440      35074.28125000
0441      35079.68359375
0442      35088.75000000
0443      35094.04296875
0444      35103.02343750
0445      35108.25000000
0446      35117.14843750
0447      35122.33203125
0448      35131.15625000
0449      35136.29296875
0450      35145.06640625
0451      35150.10546875
0452      35158.81250000
0453      35163.80468750
0454      35172.48828125
0455      35177.44140625
0456      35186.10546875
0457      35191.04296875
0458      35199.68750000
0459      35204.60937500
0460      35213.20312500
0461      35218.09375000
0462      35226.66406250
0463      35231.52343750
0464      35240.04687500
0465      35244.83203125
0466      35253.29296875
0467      35257.97656250
0468      35266.37500000
0469      35271.03515625
0470      35279.40234375
0471      35284.03906250
0472      35292.37500000
0473      35296.97656250
0474      35305.28515625
0475      35309.85937500
0476      35318.11328125
0477      35322.66406250
0478      35330.89453125
0479      35335.39843750
0480      35343.57812500
0481      35348.06250000
0482      35356.23046875
0483      35360.66406250
0484      35368.80468750
0485      35373.19140625
0486      35381.30468750
0487      35385.65625000
0488      35393.75000000
0489      35398.08593750
0490      35406.15625000
0491      35410.46484375
0492      35418.50781250
0493      35422.80859375
0494      35430.84375000
0495      35435.12109375
0496      35443.13671875
0497      35447.40234375
0498      35455.39062500
0499      35459.63671875
0500      35467.58203125
0501      35471.79687500
0502      35479.70312500
0503      35483.89062500
0504      35491.76171875
0505      35495.92187500
0506      35503.75390625
0507      35507.87500000
0508      35515.67968750
0509      35519.75390625
0510      35527.53125000
0511      35531.58593750
0512      35539.32421875
0513      35543.36718750
0514      35551.05859375
0515      35555.08203125
0516      35562.73828125
0517      35566.72656250
0518      35574.34765625
0519      35578.32031250
0520      35585.92578125
0521      35589.86328125
0522      35597.44531250
0523      35601.35156250
0524      35608.90625000
0525      35612.78515625
0526      35620.32421875
0527      35624.17968750
0528      35631.69531250
0529      35635.51171875
0530      35643.00390625
0531      35646.79687500
0532      35654.26171875
0533      35658.01953125
0534      35665.46875000
0535      35669.19921875
0536      35676.62890625
0537      35680.32421875
0538      35687.73828125
0539      35691.41015625
0540      35698.82421875
0541      35702.46093750
0542      35709.85156250
0543      35713.46484375
0544      35720.84375000
0545      35724.41796875
0546      35731.78906250
0547      35735.34765625
0548      35742.69140625
0549      35746.22656250
0550      35753.53125000
0551      35757.04687500
0552      35764.34375000
0553      35767.84375000
0554      35775.10546875
0555      35778.58203125
0556      35785.82421875
0557      35789.28906250
0558      35796.50781250
0559      35799.96875000
0560      35807.17578125
0561      35810.62109375
0562      35817.80078125
0563      35821.24218750
0564      35828.40625000
0565      35831.82812500
0566      35838.98046875
0567      35842.38281250
0568      35849.51562500
0569      35852.89453125
0570      35860.01953125
0571      35863.38671875
0572      35870.48828125
0573      35873.83984375
0574      35880.92187500
0575      35884.25781250
0576      35891.33593750
0577      35894.66406250
0578      35901.72265625
0579      35905.04296875
0580      35912.08593750
0581      35915.39062500
0582      35922.42578125
0583      35925.71875000
0584      35932.74609375
0585      35936.03515625
0586      35943.04687500
0587      35946.33203125
0588      35953.33984375
0589      35956.61718750
0590      35963.60156250
0591      35966.84765625
0592      35973.83203125
0593      35977.06250000
0594      35984.03125000
0595      35987.24218750
0596      35994.19531250
0597      35997.40234375
0598      36004.35156250
0599      47987.03515625
0600      47988.73437500
0601      47986.68359375
0602      47988.38281250
0603      47986.32812500
0604      47988.02734375
0605      47985.98046875
0606      47987.67968750
0607      47985.63281250
0608      47987.33984375
0609      47985.30078125
0610      47987.00781250
0611      47984.96093750
0612      47986.67187500
0613      47984.63281250
0614      47986.34375000
0615      47984.30078125
0616      47986.01562500
0617      47983.96484375
0618      47985.67578125
0619      47983.62890625
0620      47985.34375000
0621      47983.29687500
0622      47985.00781250
0623      47982.95312500
0624      47984.66015625
0625      47982.59765625
0626      47984.30468750
0627      47982.24609375
0628      47983.95703125
0629      47981.89843750
0630      47983.61718750
0631      47981.55859375
0632      47983.27343750
0633      47981.21093750
0634      47982.91796875
0635      47980.85546875
0636      47982.55859375
0637      47980.49609375
0638      47982.19921875
0639      47980.14453125
0640      47981.85156250
0641      47979.80078125
0642      47981.50390625
0643      47979.45312500
0644      47981.16406250
0645      47979.12109375
0646      47980.83203125
0647      47978.79687500
0648      47980.51171875
0649      47978.47265625
0650      47980.18750000
0651      47978.15625000
0652      47979.87109375
0653      47977.83984375
0654      47979.55859375
0655      47977.53125000
0656      47979.25390625
0657      47977.22656250
0658      47978.94140625
0659      47976.89843750
0660      47978.60937500
0661      47976.57031250
0662      47978.27734375
0663      47976.23828125
0664      47977.94140625
0665      47975.90234375
0666      47977.60546875
0667      47975.56250000
0668      47977.26953125
0669      47975.22656250
0670      47976.93359375
0671      47974.89062500
0672      47976.58593750
0673      47974.54296875
0674      47976.24218750
0675      47974.19531250
0676      47975.89453125
0677      47973.85156250
0678      47975.54687500
0679      47973.50781250
0680      47975.21093750
0681      47973.17968750
0682      47974.87890625
0683      47972.84765625
0684      47974.55078125
0685      47972.53515625
0686      47974.23828125
0687      47972.22265625
0688      47973.93359375
0689      47971.91796875
0690      47973.62890625
0691      47971.60546875
0692      47973.31640625
0693      47971.29687500
0694      47973.00781250
0695      47970.98437500
0696      47972.69921875
0697      47970.67578125
0698      47972.39062500
0699      47970.36718750
0700      47972.08984375
0701      47970.07031250
0702      47971.79296875
0703      47969.77734375
0704      47971.50000000
0705      47969.49218750
0706      47971.21875000
0707      47969.21484375
0708      47970.93750000
0709      47968.93359375
0710      47970.65625000
0711      47968.64843750
0712      47970.37109375
0713      47968.36328125
0714      47970.08593750
0715      47968.08203125
0716      47969.80859375
0717      47967.80078125
0718      47969.52343750
0719      47967.51171875
0720      47969.23828125
0721      47967.22656250
0722      47968.94140625
0723      47966.92578125
0724      47968.65625000
0725      47966.64062500
0726      47968.36718750
0727      47966.35546875
0728      47968.08203125
0729      47966.07031250
0730      47967.78906250
0731      47965.78515625
0732      47967.49218750
0733      47965.49218750
0734      47967.20312500
0735      47965.20703125
0736      47966.92187500
0737      47964.91796875
0738      47966.62890625
0739      47964.61718750
0740      47966.32031250
0741      47964.30468750
0742      47966.00390625
0743      47963.99218750
0744      47965.69921875
0745      47963.68359375
0746      47965.39453125
0747      47963.37109375
0748      47965.07812500
0749      47963.05468750
0750      47964.77734375
0751      47962.75781250
0752      47964.46875000
0753      47962.44531250
0754      47964.15234375
0755      47962.14062500
0756      47963.83593750
0757      47961.82031250
0758      47963.50781250
0759      47961.48828125
0760      47963.17187500
0761      47961.14843750
0762      47962.82421875
0763      47960.80468750
0764      47962.47656250
0765      47960.45312500
0766      47962.12890625
0767      47960.09765625
0768      47961.76562500
0769      47959.73437500
0770      47961.40234375
0771      47959.37109375
0772      47961.03906250
0773      47959.00781250
0774      47960.67187500
0775      47958.66015625
0776      47960.33593750
0777      47958.32031250
0778      47959.99609375
0779      47957.97656250
0780      47959.64453125
0781      47957.63671875
0782      47959.31250000
0783      47957.30468750
0784      47958.98437500
0785      47956.96875000
0786      47958.64453125
0787      47956.62500000
0788      47958.29296875
0789      47956.26562500
0790      47957.92187500
0791      47955.89062500
0792      47957.54687500
0793      47955.50781250
0794      47957.15625000
0795      47955.10937500
0796      47956.75781250
0797      47954.68359375
0798      47956.33203125
0799      47954.25390625
0800      47955.90234375
0801      47953.82812500
0802      47955.47656250
0803      47953.40625000
0804      47955.05859375
0805      47952.99609375
0806      47954.64843750
0807      47952.58593750
0808      47954.23437500
0809      47952.16406250
0810      47953.82031250
0811      47951.74609375
0812      47953.40625000
0813      47951.33593750
0814      47952.99609375
0815      47950.93750000
0816      47952.60546875
0817      47950.55468750
0818      47952.21875000
0819      47950.16796875
0820      47951.83593750
0821      47949.80468750
0822      47951.47265625
0823      47949.43750000
0824      47951.09765625
0825      47949.06250000
0826      47950.71875000
0827      47948.67968750
0828      47950.32421875
0829      47948.28125000
0830      47949.91796875
0831      47947.85937500
0832      47949.49218750
0833      47947.43359375
0834      47949.07031250
0835      47947.00390625
0836      47948.64453125
0837      47946.57812500
0838      47948.21093750
0839      47946.14843750
0840      47947.76953125
0841      47945.70312500
0842      47947.32421875
0843      47945.25000000
0844      47946.86718750
0845      47944.78906250
0846      47946.39062500
0847      47944.30468750
0848      47945.88281250
0849      47943.78515625
0850      47945.35937500
0851      47943.25000000
0852      47944.81640625
0853      47942.70703125
0854      47944.27343750
0855      47942.16406250
0856      47943.72265625
0857      47941.60937500
0858      47943.16406250
0859      47941.06250000
0860      47942.62890625
0861      47940.51953125
0862      47942.08593750
0863      47939.97656250
0864      47941.55078125
0865      47939.43750000
0866      47941.01171875
0867      47938.89843750
0868      47940.46875000
0869      47938.35937500
0870      47939.93359375
0871      47937.82031250
0872      47939.39062500
0873      47937.27343750
0874      47938.84375000
0875      47936.71875000
0876      47938.30468750
0877      47936.17968750
0878      47937.76953125
0879      47935.65625000
0880      47937.24609375
0881      47935.14062500
0882      47936.73046875
0883      47934.62500000
0884      47936.21484375
0885      47934.10937500
0886      47935.69921875
0887      47933.59375000
0888      47935.18359375
0889      47933.08593750
0890      47934.69140625
0891      47932.60156250
0892      47934.19921875
0893      47932.12500000
0894      47933.72265625
0895      47931.64843750
0896      47933.24609375
0897      47931.17187500
0898      47932.76171875
0899      47930.68750000
0900      47932.27343750
0901      47930.19531250
0902      47931.78515625
0903      47929.69531250
0904      47931.28515625
0905      47929.19531250
0906      47930.78125000
0907      47928.68750000
0908      47930.26953125
0909      47928.16406250
0910      47929.74609375
0911      47927.64062500
0912      47929.21875000
0913      47927.11328125
0914      47928.68750000
0915      47926.58203125
0916      47928.15625000
0917      47926.03906250
0918      47927.60937500
0919      47925.48828125
0920      47927.05468750
0921      47924.92187500
0922      47926.49218750
0923      47924.35156250
0924      47925.91796875
0925      47923.77343750
0926      47925.31640625
0927      47923.16015625
0928      47924.71093750
0929      47922.53906250
0930      47924.07421875
0931      47921.89062500
0932      47923.42968750
0933      47921.25000000
0934      47922.76953125
0935      47920.59375000
0936      47922.09765625
0937      47919.92968750
0938      47921.43359375
0939      47919.25781250
0940      47920.76171875
0941      47918.59375000
0942      47920.09765625
0943      47917.94140625
0944      47919.44531250
0945      47917.28515625
0946      47918.78906250
0947      47916.62109375
0948      47918.13281250
0949      47915.96875000
0950      47917.48437500
0951      47915.32031250
0952      47916.83593750
0953      47914.65625000
0954      47916.18750000
0955      47914.01171875
0956      47915.54687500
0957      47913.36718750
0958      47914.90625000
0959      47912.72656250
0960      47914.25781250
0961      47912.07812500
0962      47913.60156250
0963      47911.41406250
0964      47912.94531250
0965      47910.75000000
0966      47912.30859375
0967      47910.11718750
0968      47911.68359375
0969      47909.50781250
0970      47911.06250000
0971      47908.88281250
0972      47910.45312500
0973      47908.27734375
0974      47909.85937500
0975      47907.68750000
0976      47909.27734375
0977      47907.10937500
0978      47908.69531250
0979      47906.52343750
0980      47908.11328125
0981      47905.95312500
0982      47907.54687500
0983      47905.37109375
0984      47906.96484375
0985      47904.80078125
0986      47906.38671875
0987      47904.23437500
0988      47905.81250000
0989      47903.67187500
0990      47905.25390625
0991      47903.11718750
0992      47904.71093750
0993      47902.57421875
0994      47904.17187500
0995      47902.02734375
0996      47903.61328125
0997      47901.46093750
0998      47903.03906250
0999      47900.89453125
1000      47902.46484375
1001      47900.32031250
1002      47901.89062500
1003      47899.75781250
1004      47901.33593750
1005      47899.20312500
1006      47900.77343750
1007      47898.63671875
1008      47900.20312500
1009      47898.08593750
1010      47899.64843750
1011      47897.53906250
1012      47899.10156250
1013      47896.99218750
1014      47898.55468750
1015      47896.44531250
1016      47898.00390625
1017      47895.90625000
1018      47897.46875000
1019      47895.37890625
1020      47896.94531250
1021      47894.85156250
1022      47896.42187500
1023      47894.32812500
1024      47895.90234375
1025      47893.80468750
1026      47895.37890625
1027      47893.28906250
1028      47894.85546875
1029      47892.77343750
1030      47894.34375000
1031      47892.26562500
1032      47893.83593750
1033      47891.75000000
1034      47893.32421875
1035      47891.23437500
1036      47892.81250000
1037      47890.72656250
1038      47892.30078125
1039      47890.22656250
1040      47891.80078125
1041      47889.73437500
1042      47891.30859375
1043      47889.25000000
1044      47890.82812500
1045      47888.77343750
1046      47890.35546875
1047      47888.30468750
1048      47889.88281250
1049      47887.83593750
1050      47889.41406250
1051      47887.36328125
1052      47888.94531250
1053      47886.89843750
1054      47888.46875000
1055      47886.42968750
1056      47887.99218750
1057      47885.94921875
1058      47887.51953125
1059      47885.47265625
1060      47887.04687500
1061      47885.00390625
1062      47886.57812500
1063      47884.53906250
1064      47886.11718750
1065      47884.08593750
1066      47885.66406250
1067      47883.63281250
1068      47885.21093750
1069      47883.19531250
1070      47884.78125000
1071      47882.77343750
1072      47884.35937500
1073      47882.34765625
1074      47883.92968750
1075      47881.92187500
1076      47883.51562500
1077      47881.51171875
1078      47883.10937500
1079      47881.10546875
1080      47882.71093750
1081      47880.70703125
1082      47882.30468750
1083      47880.30468750
1084      47881.90625000
1085      47879.90625000
1086      47881.50000000
1087      47879.49609375
1088      47881.08593750
1089      47879.08203125
1090      47880.67968750
1091      47878.68750000
1092      47880.29296875
1093      47878.29296875
1094      47879.90625000
1095      47877.91406250
1096      47879.52734375
1097      47877.53906250
1098      47879.15234375
1099      47877.16406250
1100      47878.77734375
1101      47876.78906250
1102      47878.40625000
1103      47876.41796875
1104      47878.02734375
1105      47876.04687500
1106      47877.65625000
1107      47875.67968750
1108      47877.30078125
1109      47875.31250000
1110      47876.93750000
1111      47874.94921875
1112      47876.57031250
1113      47874.58593750
1114      47876.21875000
1115      47874.22656250
1116      47875.86328125
1117      47873.87500000
1118      47875.51562500
1119      47873.53125000
1120      47875.16796875
1121      47873.17968750
1122      47874.82812500
1123      47872.83984375
1124      47874.48828125
1125      47872.50000000
1126      47874.15625000
1127      47872.16796875
1128      47873.82421875
1129      47871.82031250
1130      47873.47656250
1131      47871.48046875
1132      47873.14062500
1133      47871.14062500
1134      47872.81250000
1135      47870.81250000
1136      47872.48437500
1137      47870.48437500
1138      47872.16406250
1139      47870.16796875
1140      47871.84765625
1141      47869.85156250
1142      47871.53125000
1143      47869.55468750
1144      47871.22656250
1145      47869.24609375
1146      47870.91406250
1147      47868.93750000
1148      47870.60937500
1149      47868.64062500
1150      47870.30859375
1151      47868.32812500
1152      47870.00000000
1153      47868.01562500
1154      47869.69140625
1155      47867.71875000
1156      47869.39062500
1157      47867.41796875
1158      47869.09375000
1159      47867.11718750
1160      47868.78906250
1161      47866.81250000
1162      47868.49218750
1163      47866.50781250
1164      47868.17968750
1165      47866.20312500
1166      47867.87109375
1167      47865.89843750
1168      47867.57031250
1169      47865.60546875
1170      47867.27734375
1171      47865.32031250
1172      47866.99218750
1173      47865.03515625
1174      47866.71093750
1175      47864.75781250
1176      47866.43750000
1177      47864.48828125
1178      47866.17578125
1179      47864.21875000
1180      47865.91406250
1181      47863.95703125
1182      47865.64843750
1183      47863.68750000
1184      47865.37500000
1185      47863.41796875
1186      47865.10546875
1187      47863.14843750
1188      47864.84375000
1189      47862.88281250
1190      47864.57812500
1191      47862.62500000
1192      47864.32031250
1193      47862.36718750
1194      47864.06640625
1195      47862.11718750
1196      47863.80468750
1197      47861.85937500
1198      47863.56250000
1199      47861.61718750
1200      47863.31250000
1201      47861.36718750
1202      47863.06640625
1203      47861.12500000
1204      47862.82812500
1205      47860.88671875
1206      47862.58593750
1207      47860.64062500
1208      47862.33984375
1209      47860.39453125
1210      47862.09375000
1211      47860.15234375
1212      47861.85937500
1213      47859.91406250
1214      47861.63281250
1215      47859.68750000
1216      47861.40625000
1217      47859.46875000
1218      47861.18750000
1219      47859.25390625
1220      47860.97656250
1221      47859.03906250
1222      47860.76953125
1223      47858.82812500
1224      47860.56250000
1225      47858.62500000
1226      47860.35937500
1227      47858.42187500
1228      47860.16015625
1229      47858.21875000
1230      47859.95703125
1231      47858.01562500
1232      47859.75000000
1233      47857.81640625
1234      47859.54687500
1235      47857.61328125
1236      47859.35156250
1237      47857.41406250
1238      47859.14843750
1239      47857.21093750
1240      47858.94921875
1241      47857.01562500
1242      47858.75000000
1243      47856.81250000
1244      47858.54296875
1245      47856.60546875
1246      47858.34375000
1247      47856.40625000
1248      47858.14062500
1249      47856.20312500
1250      47857.94531250
1251      47856.00390625
1252      47857.75000000
1253      47855.80859375
1254      47857.55859375
1255      47855.61718750
1256      47857.36718750
1257      47855.42578125
1258      47857.17187500
1259      47855.22656250
1260      47856.97656250
1261      47855.02734375
1262      47856.78125000
1263      47854.83203125
1264      47856.58593750
1265      47854.63671875
1266      47856.39062500
1267      47854.44531250
1268      47856.20312500
1269      47854.25390625
1270      47856.01562500
1271      47854.06640625
1272      47855.82812500
1273      47853.87890625
1274      47855.63281250
1275      47853.68359375
1276      47855.43750000
1277      47853.48437500
1278      47855.24218750
1279      47853.29296875
1280      47855.05468750
1281      47853.10156250
1282      47854.85937500
1283      47852.90234375
1284      47854.65625000
1285      47852.70703125
1286      47854.46093750
1287      47852.50000000
1288      47854.25000000
1289      47852.29296875
1290      47854.04687500
1291      47852.08984375
1292      47853.83984375
1293      47851.89062500
1294      47853.63671875
1295      47851.68359375
1296      47853.43359375
1297      47851.48046875
1298      47853.22656250
1299      47851.26953125
1300      47853.01171875
1301      47851.05468750
1302      47852.80078125
1303      47850.84375000
1304      47852.58593750
1305      47850.62500000
1306      47852.36718750
1307      47850.40625000
1308      47852.14453125
1309      47850.18750000
1310      47851.92968750
1311      47849.96875000
1312      47851.71484375
1313      47849.75781250
1314      47851.50781250
1315      47849.55468750
1316      47851.30078125
1317      47849.35156250
1318      47851.10156250
1319      47849.15234375
1320      47850.90234375
1321      47848.95312500
1322      47850.70312500
1323      47848.75781250
1324      47850.50390625
1325      47848.56250000
1326      47850.30859375
1327      47848.36328125
1328      47850.11328125
1329      47848.16796875
1330      47849.91406250
1331      47847.97265625
1332      47849.71875000
1333      47847.77343750
1334      47849.52343750
1335      47847.57812500
1336      47849.32812500
1337      47847.38281250
1338      47849.13281250
1339      47847.18750000
1340      47848.93359375
1341      47846.99218750
1342      47848.73828125
1343      47846.79296875
1344      47848.54296875
1345      47846.59765625
1346      47848.34375000
1347      47846.40234375
1348      47848.14843750
1349      47846.20312500
1350      47847.94921875
1351      47846.00390625
1352      47847.74609375
1353      47845.80078125
1354      47847.53906250
1355      47845.59765625
1356      47847.33593750
1357      47845.39062500
1358      47847.13281250
1359      47845.18359375
1360      47846.92968750
1361      47844.98046875
1362      47846.72656250
1363      47844.77734375
1364      47846.51562500
1365      47844.57031250
1366      47846.31250000
1367      47844.37109375
1368      47846.11718750
1369      47844.17187500
1370      47845.92187500
1371      47843.98046875
1372      47845.73046875
1373      47843.78906250
1374      47845.53906250
1375      47843.60156250
1376      47845.35156250
1377      47843.41015625
1378      47845.16406250
1379      47843.22265625
1380      47844.97265625
1381      47843.03125000
1382      47844.78906250
1383      47842.85156250
1384      47844.60937500
1385      47842.66796875
1386      47844.42968750
1387      47842.49218750
1388      47844.25390625
1389      47842.31640625
1390      47844.07812500
1391      47842.14453125
1392      47843.90625000
1393      47841.96875000
1394      47843.73437500
1395      47841.79687500
1396      47843.55859375
1397      47841.62109375
1398      47843.38281250
1399      47841.44921875
1400      47843.21093750
1401      47841.27343750
1402      47843.03906250
1403      47841.10156250
1404      47842.86718750
1405      47840.93359375
1406      47842.70312500
1407      47840.76953125
1408      47842.53125000
1409      47840.59765625
1410      47842.35937500
1411      47840.42968750
1412      47842.19140625
1413      47840.26171875
1414      47842.03125000
1415      47840.10156250
1416      47841.86718750
1417      47839.93750000
1418      47841.70312500
1419      47839.77734375
1420      47841.54296875
1421      47839.61718750
1422      47841.39062500
1423      47839.46875000
1424      47841.24218750
1425      47839.31640625
1426      47841.08593750
1427      47839.16406250
1428      47840.93750000
1429      47839.01562500
1430      47840.78906250
1431      47838.87109375
1432      47840.64062500
1433      47838.71875000
1434      47840.49218750
1435      47838.57031250
1436      47840.33984375
1437      47838.41796875
1438      47840.18750000
1439      47838.26953125
1440      47840.03906250
1441      47838.12109375
1442      47839.89062500
1443      47837.98046875
1444      47839.75000000
1445      47837.83593750
1446      47839.60937500
1447      47837.69531250
1448      47839.46875000
1449      47837.55078125
1450      47839.32812500
1451      47837.41015625
1452      47839.18750000
1453      47837.26562500
1454      47839.04687500
1455      47837.12109375
1456      47838.89843750
1457      47836.97656250
1458      47838.75781250
1459      47836.83593750
1460      47838.61328125
1461      47836.69140625
1462      47838.46875000
1463      47836.55078125
1464      47838.32812500
1465      47836.40625000
1466      47838.18750000
1467      47836.26562500
1468      47838.04296875
1469      47836.12109375
1470      47837.90625000
1471      47835.98437500
1472      47837.76562500
1473      47835.84765625
1474      47837.63281250
1475      47835.71484375
1476      47837.49609375
1477      47835.57812500
1478      47837.35937500
1479      47835.44921875
1480      47837.23437500
1481      47835.32421875
1482      47837.10937500
1483      47835.20312500
1484      47836.98828125
1485      47835.07812500
1486      47836.86718750
1487      47834.95703125
1488      47836.74218750
1489      47834.83203125
1490      47836.61718750
1491      47834.71093750
1492      47836.49609375
1493      47834.58593750
1494      47836.37500000
1495      47834.46875000
1496      47836.25390625
1497      47834.34765625
1498      47836.13281250
1499      47813.71875000
1500      47815.35546875
1501      47813.33984375
1502      47814.98046875
1503      47812.97265625
1504      47814.61328125
1505      47812.60546875
1506      47814.25000000
1507      47812.24609375
1508      47813.90234375
1509      47811.90234375
1510      47813.56640625
1511      47811.57031250
1512      47813.23828125
1513      47811.24609375
1514      47812.92968750
1515      47810.93750000
1516      47812.61718750
1517      47810.63281250
1518      47812.32031250
1519      47810.33593750
1520      47812.02343750
1521      47810.04296875
1522      47811.73437500
1523      47809.75781250
1524      47811.45312500
1525      47809.47656250
1526      47811.18359375
1527      47809.20703125
1528      47810.92578125
1529      47808.95312500
1530      47810.67578125
1531      47808.70312500
1532      47810.42187500
1533      47808.44921875
1534      47810.17968750
1535      47808.20703125
1536      47809.93359375
1537      47807.96484375
1538      47809.69921875
1539      47807.73046875
1540      47809.46093750
1541      47807.49218750
1542      47809.23437500
1543      47807.26953125
1544      47809.00781250
1545      47807.04296875
1546      47808.78515625
1547      47806.82421875
1548      47808.56250000
1549      47806.60156250
1550      47808.34375000
1551      47806.38671875
1552      47808.12500000
1553      47806.17187500
1554      47807.91406250
1555      47805.96093750
1556      47807.69921875
1557      47805.74609375
1558      47807.48828125
1559      47805.53906250
1560      47807.27734375
1561      47805.32812500
1562      47807.07031250
1563      47805.12109375
1564      47806.86328125
1565      47804.91406250
1566      47806.66015625
1567      47804.71484375
1568      47806.46093750
1569      47804.51953125
1570      47806.26953125
1571      47804.33203125
1572      47806.08203125
1573      47804.14453125
1574      47805.89843750
1575      47803.96484375
1576      47805.71484375
1577      47803.78125000
1578      47805.53515625
1579      47803.60156250
1580      47805.35156250
1581      47803.41796875
1582      47805.17187500
1583      47803.23828125
1584      47804.98828125
1585      47803.05468750
1586      47804.80859375
1587      47802.87500000
1588      47804.62500000
1589      47802.69140625
1590      47804.44921875
1591      47802.51562500
1592      47804.26953125
1593      47802.33593750
1594      47804.09375000
1595      47802.16015625
1596      47803.91406250
1597      47801.98046875
1598      47803.73828125
1599      47801.80468750
1600      47803.55859375
1601      47801.62500000
1602      47803.38281250
1603      47801.44921875
1604      47803.20703125
1605      47801.27343750
1606      47803.03515625
1607      47801.10546875
1608      47802.86718750
1609      47800.93750000
1610      47802.70703125
1611      47800.77734375
1612      47802.54296875
1613      47800.61718750
1614      47802.38671875
1615      47800.46093750
1616      47802.22656250
1617      47800.30078125
1618      47802.07031250
1619      47800.14453125
1620      47801.91015625
1621      47799.98437500
1622      47801.76171875
1623      47799.83593750
1624      47801.60937500
1625      47799.68359375
1626      47801.46093750
1627      47799.53906250
1628      47801.31250000
1629      47799.39453125
1630      47801.17187500
1631      47799.25390625
1632      47801.02734375
1633      47799.10937500
1634      47800.88671875
1635      47798.96875000
1636      47800.74218750
1637      47798.82421875
1638      47800.60156250
1639      47798.68750000
1640      47800.46484375
1641      47798.55078125
1642      47800.33203125
1643      47798.41796875
1644      47800.19531250
1645      47798.28125000
1646      47800.05859375
1647      47798.14843750
1648      47799.92578125
1649      47798.01562500
1650      47799.79687500
1651      47797.88671875
1652      47799.66406250
1653      47797.75781250
1654      47799.54687500
1655      47797.64062500
1656      47799.42578125
1657      47797.51953125
1658      47799.31250000
1659      47797.41015625
1660      47799.19921875
1661      47797.29687500
1662      47799.08984375
1663      47797.18750000
1664      47798.97656250
1665      47797.07421875
1666      47798.86718750
1667      47796.96484375
1668      47798.75390625
1669      47796.85546875
1670      47798.64843750
1671      47796.75390625
1672      47798.54296875
1673      47796.64843750
1674      47798.44531250
1675      47796.55078125
1676      47798.34375000
1677      47796.44921875
1678      47798.25000000
1679      47796.35546875
1680      47798.15234375
1681      47796.26171875
1682      47798.06250000
1683      47796.17187500
1684      47797.96875000
1685      47796.07812500
1686      47797.87890625
1687      47795.98828125
1688      47797.78515625
1689      47795.89453125
1690      47797.69531250
1691      47795.80468750
1692      47797.60156250
1693      47795.71093750
1694      47797.51562500
1695      47795.62500000
1696      47797.42578125
1697      47795.53906250
1698      47797.34375000
1699      47795.45703125
1700      47797.25781250
1701      47795.37500000
1702      47797.18359375
1703      47795.30468750
1704      47797.10937500
1705      47795.23046875
1706      47797.03906250
1707      47795.16015625
1708      47796.96484375
1709      47795.08593750
1710      47796.89453125
1711      47795.01562500
1712      47796.82031250
1713      47794.94140625
1714      47796.75000000
1715      47794.87109375
1716      47796.67578125
1717      47794.80078125
1718      47796.60937500
1719      47794.73437500
1720      47796.53906250
1721      47794.66406250
1722      47796.47265625
1723      47794.59765625
1724      47796.40234375
1725      47794.53125000
1726      47796.33984375
1727      47794.47265625
1728      47796.27734375
1729      47794.41015625
1730      47796.21875000
1731      47794.35156250
1732      47796.15625000
1733      47794.28906250
1734      47796.09765625
1735      47794.23046875
1736      47796.03515625
1737      47794.16796875
1738      47795.97656250
1739      47794.10937500
1740      47795.91406250
1741      47794.04687500
1742      47795.85546875
1743      47793.98828125
1744      47795.79296875
1745      47793.92968750
1746      47795.73828125
1747      47793.87500000
1748      47795.67968750
1749      47793.81640625
1750      47795.62500000
1751      47793.76171875
1752      47795.57031250
1753      47793.70703125
1754      47795.52343750
1755      47793.66015625
1756      47795.47656250
1757      47793.61328125
1758      47795.43359375
1759      47793.57031250
1760      47795.38671875
1761      47793.52343750
1762      47795.34375000
1763      47793.48437500
1764      47795.30078125
1765      47793.44140625
1766      47795.26171875
1767      47793.40234375
1768      47795.22265625
1769      47793.36328125
1770      47795.18750000
1771      47793.33203125
1772      47795.15234375
1773      47793.29687500
1774      47795.12109375
1775      47793.26562500
1776      47795.08593750
1777      47793.23046875
1778      47795.05468750
1779      47793.20312500
1780      47795.02343750
1781      47793.17968750
1782      47795.00390625
1783      47793.16015625
1784      47794.98046875
1785      47793.13671875
1786      47794.96093750
1787      47793.11718750
1788      47794.93750000
1789      47793.09765625
1790      47794.92578125
1791      47793.08593750
1792      47794.91015625
1793      47793.07031250
1794      47794.89843750
1795      47793.05859375
1796      47794.88281250
1797      47793.04296875
1798      47794.87109375
1799      47793.03125000
1800      47794.85546875
1801      47793.01953125
1802      47794.84765625
1803      47793.01171875
1804      47794.83593750
1805      47793.00000000
1806      47794.82812500
1807      47792.99218750
1808      47794.81640625
1809      47792.98046875
1810      47794.80859375
1811      47792.97265625
1812      47794.79687500
1813      47792.96093750
1814      47794.78906250
1815      47792.95312500
1816      47794.77734375
1817      47792.94140625
1818      47794.76953125
1819      47792.93359375
1820      47794.75781250
1821      47792.92187500
1822      47794.75000000
1823      47792.91406250
1824      47794.73828125
1825      47792.90234375
1826      47794.73046875
1827      47792.89453125
1828      47794.71875000
1829      47792.88281250
1830      47794.71093750
1831      47792.87500000
1832      47794.69921875
1833      47792.86328125
1834      47794.69140625
1835      47792.85937500
1836      47794.68359375
1837      47792.85156250
1838      47794.67968750
1839      47792.84765625
1840      47794.67578125
1841      47792.84375000
1842      47794.67578125
1843      47792.84375000
1844      47794.67187500
1845      47792.83984375
1846      47794.67187500
1847      47792.83984375
1848      47794.66796875
1849      47792.83984375
1850      47794.67187500
1851      47792.84375000
1852      47794.67187500
1853      47792.84375000
1854      47794.67578125
1855      47792.84765625
1856      47794.67578125
1857      47792.84765625
1858      47794.67968750
1859      47792.85156250
1860      47794.67968750
1861      47792.85156250
1862      47794.68359375
1863      47792.85546875
1864      47794.68359375
1865      47792.85546875
1866      47794.68750000
1867      47792.85937500
1868      47794.68750000
1869      47792.85937500
1870      47794.69140625
1871      47792.86328125
1872      47794.69140625
1873      47792.86328125
1874      47794.69531250
1875      47792.86718750
1876      47794.69531250
1877      47792.87109375
1878      47794.70312500
1879      47792.88281250
1880      47794.71093750
1881      47792.89062500
1882      47794.72265625
1883      47792.90234375
1884      47794.73046875
1885      47792.91015625
1886      47794.74218750
1887      47792.92187500
1888      47794.75000000
1889      47792.92968750
1890      47794.76171875
1891      47792.94140625
1892      47794.76953125
1893      47792.94921875
1894      47794.78125000
1895      47792.96093750
1896      47794.78906250
1897      47792.96875000
1898      47794.80078125
1899      47792.98046875
1900      47794.80859375
1901      47792.98828125
1902      47794.82031250
1903      47793.00000000
1904      47794.82812500
1905      47793.00781250
1906      47794.83984375
1907      47793.01953125
1908      47794.84765625
1909      47793.02734375
1910      47794.85937500
1911      47793.03906250
1912      47794.86718750
1913      47793.05078125
1914      47794.88281250
1915      47793.06640625
1916      47794.89453125
1917      47793.07812500
1918      47794.91015625
1919      47793.09375000
1920      47794.92187500
1921      47793.10546875
1922      47794.93750000
1923      47793.12109375
1924      47794.94921875
1925      47793.13281250
1926      47794.96484375
1927      47793.14843750
1928      47794.97656250
1929      47793.16015625
1930      47794.99218750
1931      47793.17578125
1932      47795.00390625
1933      47793.18750000
1934      47795.01953125
1935      47793.20312500
1936      47795.03125000
1937      47793.21484375
1938      47795.04687500
1939      47793.23046875
1940      47795.05859375
1941      47793.24218750
1942      47795.07421875
1943      47793.25781250
1944      47795.08593750
1945      47793.26953125
1946      47795.10156250
1947      47793.28515625
1948      47795.11328125
1949      47793.29687500
1950      47795.12890625
1951      47793.31250000
1952      47795.14062500
1953      47793.32421875
1954      47795.15625000
1955      47793.33984375
1956      47795.16796875
1957      47793.35156250
1958      47795.18359375
1959      47793.36718750
1960      47795.19531250
1961      47793.37890625
1962      47795.21093750
1963      47793.39453125
1964      47795.22265625
1965      47793.40625000
1966      47795.23828125
1967      47793.42187500
1968      47795.25000000
1969      47793.43359375
1970      47795.26562500
1971      47793.44921875
1972      47795.27734375
1973      47793.46093750
1974      47795.29296875
1975      47793.47656250
1976      47795.30468750
1977      47793.48828125
1978      47795.32031250
1979      47793.50390625
1980      47795.33203125
1981      47793.51562500
1982      47795.34765625
1983      47793.53125000
1984      47795.35937500
1985      47793.54296875
1986      47795.37500000
1987      47793.55859375
1988      47795.38671875
1989      47793.57031250
1990      47795.40234375
1991      47793.58593750
1992      47795.41406250
1993      47793.59765625
1994      47795.43359375
1995      47793.61718750
1996      47795.44921875
1997      47793.63281250
1998      47795.46875000
1999      47793.65234375
2000      47795.48437500
2001      47793.66796875
2002      47795.50390625
2003      47793.68750000
2004      47795.51953125
2005      47793.70312500
2006      47795.53906250
2007      47793.72265625
2008      47795.55468750
2009      47793.73828125
2010      47795.57421875
2011      47793.75781250
2012      47795.58984375
2013      47793.77343750
2014      47795.60937500
2015      47793.79296875
2016      47795.62500000
2017      47793.80859375
2018      47795.64453125
2019      47793.82812500
2020      47795.66015625
2021      47793.84375000
2022      47795.67968750
2023      47793.89453125
